HeuristicRemainArea=1601  
------------------------------ 실행환경 ---------------------------------- 

교차확률=0.8  변이확률=0.05  진화 세대 수=10  한 세대당 population수=10 

--------------------------- 세대별 bestfit ------------------------------- 

0세대  1477 
1세대  1477 
2세대  1477 
3세대  1477 
4세대  1477 
5세대  1477 
6세대  1477 
7세대  1477 
8세대  1477 
9세대  1477 
Best individual is [136, 18, 30, 79, 88, 118, 115, 19, 124, 55, 87, 56, 154, 72, 97, 21, 26, 160, 45, 69, 129, 6, 151, 114, 111, 48, 35, 78, 9, 102, 95, 103, 161, 153, 7, 108, 150, 132, 42, 36, 96, 94, 144, 39, 158, 61, 71, 125, 10, 24, 34, 57, 149, 0, 113, 76, 86, 134, 85, 33, 98, 74, 27, 90, 117, 77, 68, 89, 20, 107, 53, 143, 122, 155, 2, 130, 59, 162, 40, 131, 101, 112, 100, 31, 8, 32, 123, 23, 73, 105, 22, 70, 47, 43, 13, 14, 106, 81, 4, 126, 15, 52, 11, 46, 157, 16, 51, 92, 29, 64, 84, 120, 66, 12, 142, 152, 65, 83, 3, 133, 139, 110, 93, 25, 50, 5, 37, 119, 1, 82, 104, 128, 54, 138, 17, 121, 99, 146, 44, 137, 75, 58, 49, 135, 116, 80, 156, 62, 147, 91, 28, 109, 148, 140, 145, 159, 41, 60, 141, 63, 38, 127, 67] 
Best fitness value is 1477.0 
