4 10 3
42 90 0
42 85 0
38 83 3
24 83 3
22 81 2
22 1 2
42 90 45 99
4 11 1
4 89 0
4 79 0
6 68 1
33 68 1
22 59 2
22 1 2
4 89 7 99
2 5 1
8 95 0
8 83 0
7 81 1
17 81 1
22 80 2
22 1 2
8 95 9 99
2 5 1
10 95 0
10 94 0
8 92 3
17 92 3
22 90 2
22 1 2
10 95 11 99
2 5 1
12 95 0
12 94 0
10 92 3
17 92 3
22 90 2
22 1 2
12 95 13 99
4 11 1
8 91 1
11 91 1
29 82 0
20 71 3
33 71 3
22 73 2
22 1 2
8 91 18 94
2 6 1
19 94 0
19 90 0
15 86 3
14 86 3
22 82 2
22 1 2
19 94 20 99
3 12 3
19 91 1
28 91 1
25 85 2
19 82 1
25 82 1
22 76 2
22 1 2
19 91 30 93
2 5 1
2 95 0
2 87 0
1 85 1
17 85 1
22 84 2
22 1 2
2 95 3 99
4 11 1
31 89 0
31 79 0
33 68 1
22 59 2
22 1 2
31 89 34 99
3 12 3
35 88 0
35 74 0
32 71 1
25 71 1
22 65 2
22 1 2
35 88 37 99
3 12 3
11 79 0
11 72 0
5 69 3
10 69 3
22 63 2
22 1 2
11 79 13 90
3 12 3
14 79 0
14 75 0
8 72 3
25 72 3
22 69 2
22 1 2
14 79 16 90
3 12 3
17 79 0
17 76 0
11 73 3
25 73 3
22 70 2
22 1 2
17 79 19 90
3 12 3
20 79 0
20 73 0
14 70 3
10 70 3
22 64 2
22 1 2
20 79 22 90
2 5 1
40 95 0
40 75 0
38 73 3
24 73 3
22 72 2
22 1 2
40 95 41 99
2 6 1
40 89 0
40 74 0
36 70 3
26 70 3
22 70 2
22 1 2
40 89 41 94
3 12 3
23 79 0
23 73 0
17 70 3
10 70 3
22 64 2
22 1 2
23 79 25 90
2 6 1
8 85 0
8 74 0
8 70 1
14 70 1
22 70 2
22 1 2
8 85 9 90
2 6 1
42 84 0
42 77 0
42 73 1
26 73 1
22 69 2
22 1 2
42 84 43 89
2 6 1
44 84 0
44 77 0
40 73 3
14 73 3
22 69 2
22 1 2
44 84 45 89
3 12 3
28 79 0
28 68 0
25 65 1
22 59 2
22 1 2
28 79 30 90
2 6 1
26 85 0
26 72 0
26 68 1
22 64 2
22 1 2
26 85 27 90
4 10 3
31 79 0
31 73 0
27 71 3
14 71 3
22 67 2
22 1 2
31 79 34 88
2 4 1
46 96 0
46 75 0
44 73 3
24 73 3
22 73 2
22 1 2
46 96 47 99
2 4 1
46 92 0
46 75 0
44 73 3
24 73 3
22 73 2
22 1 2
46 92 47 95
2 6 1
40 83 0
40 74 0
36 70 3
26 70 3
22 70 2
22 1 2
40 83 41 88
2 4 1
2 91 0
2 75 0
0 73 3
18 73 3
22 71 2
22 1 2
2 91 3 94
2 4 1
46 88 0
46 75 0
44 73 3
24 73 3
22 73 2
22 1 2
46 88 47 91
2 5 1
2 86 0
2 75 0
0 73 3
17 73 3
22 71 2
22 1 2
2 86 3 90
2 6 1
4 83 0
4 77 0
4 73 1
26 73 1
22 69 2
22 1 2
4 83 5 88
4 11 1
35 77 0
35 61 0
37 50 1
33 50 1
22 41 2
22 1 2
35 77 38 87
4 10 3
42 74 0
42 73 0
38 71 3
14 71 3
22 67 2
22 1 2
42 74 45 83
3 12 3
5 71 0
5 61 0
2 58 1
10 58 1
22 55 2
22 1 2
5 71 7 82
4 10 3
11 69 0
11 60 0
7 58 3
14 58 3
22 54 2
22 1 2
11 69 14 78
2 6 1
8 79 0
8 61 0
8 57 1
14 57 1
22 57 2
22 1 2
8 79 9 84
3 12 3
15 67 0
15 62 0
9 59 3
25 59 3
22 56 2
22 1 2
15 67 17 78
2 5 1
2 81 0
2 67 0
1 65 1
17 65 1
22 64 2
22 1 2
2 81 3 85
4 11 1
18 68 0
18 66 0
9 55 3
33 55 3
22 57 2
22 1 2
18 68 21 78
2 5 1
26 80 0
26 67 0
25 65 1
17 65 1
22 64 2
22 1 2
26 80 27 84
